35422
497257
184965
15830
535233
163055
292572
514557
35422
497257
184965
15830
535233
163055
292572
514557
509815
404696
168905
266274
245373
578819
303287
258450
38691
297058
440484
464261
402386
55776
111813
287822
242092
98679
84819
22098
321854
326793
134236
400309
98155
453087
166596
291056
59250
347007
38435
371482
107918
310688
514111
410797
47396
35475
16449
433129
279350
432370
342998
424528
247177
396166
275245
371863
558269
25885
267680
416555
366810
123424
577748
187882
51652
406709
464210
15404
79671
211439
58554
152858
4308
454230
120683
298836
6426
458540
201632
405459
522013
130654
93994
64356
253435
533006
504524
291149
349083
343035
121107
214036
110001
101011
489343
234138
288137
171082
506066
487516
284128
536587
254124
541094
505003
45822
86831
194897
176943
550878
382656
516777
218557
429568
303892
141316
554841
466511
242558
370736
105246
499697
445775
86836
370151
362257
276645
10654
108259
250
362154
140922
222383
188832
508
244885
468064
193451
102899
423028
149102
526104
51730
115654
445898
143780
324460
346615
566670
114624
453286
3941
499446
309496
386200
289071
108697
573053
267229
107941
409614
387416
431692
222157
234649
414416
243625
55567
101073
430665
235529
22559
417689
143054
162020
335826
247504
475929
202848
172971
280879
227547
112605
444783
144480
572585
557263
77318
130192
39475
37458
401670
361774
195993
554382
266518
88768
82756
59953
139695
548171
259439
28662
526890
318144
293946
340119
262623
175129
473495
162768
346061
90026
12641
379138
65380
483334
532277
334603
524927
288131
452746
555470
405856
530894
252122
99010
345155
476113
203221
136977
467050
498969
242969
29564
446452
482363
235783
252918
542695
217118
102316
49741
75256
138859
221680
230968
119438
443941
231840
159480
499525
414754
572025
240830
367998
265207
281939
280825
348853
442078
192764
76923
214461
489914
505583
40962
7592
572100
15318
447701
406015
238006
130950
401381
267353
81107
508771
479263
200736
54652
440269
42345
379037
65916
103910
455882
221360
518855
209969
3640
59211
292081
136779
224136
158614
98121
128740
402809
537684
413222
177014
217649
207313
71516
405483
543236
429691
39847
317283
169722
30175
272421
300929
414089
49725
126210
149215
508844
160298
388788
495235
194574
377234
250289
75493
531488
248464
40474
28095
96809
375096
67163
195266
249977
359774
234981
228407
331876
243018
507828
362881
539016
452821
465057
406677
251107
443871
203652
534771
403851
9809
115250
68295
138486
391537
167118
34985
260484
196701
5500
298840
316091
377132
409890
531617
215450
393762
236698
378849
160137
349097
227699
518487
72978
517366
143425
407030
409953
427727
278907
97779
569451
340375
354726
225859
109558
516974
465218
4481
574385
370305
345391
151020
344618
23648
86818
239505
276311
394126
114741
504025
9778
127104
397187
94792
506714
124509
76150
413232
107585
449316
449082
505637
264886
498371
567234
124780
478982
299382
352564
565807
563076
275710
193077
436048
507257
284351
13035
488924
10420
191661
579023
154924
369618
91705
537397
561119
333841
435435
115475
241595
424980
507195
24181
167819
183617
319749
228727
427992
314068
525020
139326
45668
252194
559214
82388
550869
547072
154885
8379
148527
412704
271198
164999
544188
410743
520737
106464
540476
385265
420070
504886
1472
371307
509036
262184
221618
135849
557387
260501
90171
4517
339192
252996
140603
186441
111290
242752
526292
33442
174406
89485
25816
446646
380651
148703
455075
31524
287378
57977
364158
143995
192974
399262
56695
223432
185437
502325
193732
443735
452652
154349
252406
413090
125009
523581
203191
487399
498239
520316
7625
103341
61045
231119
251132
415659
220932
7721
59476
36480
245810
428495
434813
327802
97785
356673
61567
482826
160034
159073
256655
453348
87847
530783
391200
454827
428379
28645
84638
570207
198514
230639
191329
55559
281035
297667
367537
529570
193631
148622
576119
552776
425263
124731
494812
1997
263478
344705
486769
37854
264720
26094
470672
45335
280532
435360
1111
491114
276267
349352
365631
59550
175193
299441
61575
440771
64024
182607
10108
77849
132531
22456
129507
332585
21166
187934
375611
425439
498563
220527
195286
362351
26266
521132
315110
269372
552870
346456
326613
537918
425670
433546
453566
411349
325125
361323
329462
69373
443294
433616
254415
279263
515427
285717
141139
302945
90479
199063
124145
257034
94148
513111
516490
359104
259988
548690
562357
188685
365487
28806
38389
368750
291702
35793
502479
117664
195595
378632
11076
3692
31926
524050
307264
501121
542614
522527
12494
7823
359207
234988
237718
505865
282586
545310
71879
268735
69514
20490
474147
239942
181035
115566
53733
376835
198037
133885
509792
405662
371484
148102
552135
91492
429995
479316
539755
465211
122159
258108
81043
299371
245560
324094
124240
356834
102729
99364
244108
139284
457219
342624
381984
